0 0,0 0,0 0,0
200 0,004800271987915039 0,002199888229370117 0,0001998424530029297
400 0,020200538635253906 0,00919947624206543 0,00020051002502441406
600 0,04499673843383789 0,021600008010864258 0,00020022392272949218
800 0,08019981384277344 0,03900017738342285 0,00020012855529785156
1000 0,12740225791931153 0,06279997825622559 0,0004001617431640625
1200 0,1832000732421875 0,09059982299804688 0,00020003318786621094
1400 0,251597261428833 0,12199988365173339 0,00040030479431152344
1600 0,32720279693603516 0,16939949989318848 0,0006000041961669922
1800 0,4177975654602051 0,20539989471435546 0,0005999088287353515
2000 0,5124002456665039 0,25319972038269045 0,0006000518798828125
2200 0,6238510608673096 0,30640010833740233 0,0008000373840332031
2400 0,741799783706665 0,3662001609802246 0,0005999565124511719
2600 0,8711997985839843 0,4305997371673584 0,0007999897003173828
2800 1,0086258411407472 0,5015968799591064 0,0007999897003173828
3000 1,1570003032684326 0,5743998050689697 0,0010000705718994141
3200 1,3327150344848633 0,6951711177825928 0,0007999420166015625
3400 1,517399835586548 0,742399787902832 0,0010003089904785157
3600 1,6743996620178223 0,8317999362945556 0,0009998798370361329
3800 1,875999641418457 0,9509998798370362 0,0012001991271972656
4000 2,099199676513672 1,0370023250579834 0,0012024879455566407
4200 2,300599956512451 1,1828002452850341 0,0013980865478515625
4400 2,8556015491485596 1,4688186645507812 0,001396942138671875
4600 3,0595048904418944 1,4684929847717285 0,0013995170593261719
4800 3,3003996849060058 1,6696001529693603 0,0015999794006347657
5000 3,522847843170166 1,8022328853607177 0,0013676166534423828
5200 3,946435737609863 1,9519989013671875 0,0015997886657714844
5400 4,072101306915283 1,9251967430114747 0,0015997886657714844
5600 4,202401208877563 2,0830470085144044 0,0017996788024902343
5800 4,488599872589111 2,2601998805999757 0,0015999794006347657
6000 4,841855001449585 2,429397392272949 0,0018000125885009766
6200 5,259646940231323 2,626582479476929 0,0017996788024902343
6400 5,513999557495117 2,7527997970581053 0,0019998073577880858
6600 6,016477489471436 3,0409971714019775 0,0015995502471923828
6800 6,246477746963501 3,0534720420837402 0,002199697494506836
7000 6,4794020652771 3,364400053024292 0,002000236511230469
7200 7,112688636779785 3,5547749996185303 0,0022014617919921876
7400 7,553276491165161 3,702864646911621 0,0024003982543945312
7600 8,074245357513428 4,031198453903198 0,002200603485107422
7800 8,221884107589721 4,013457536697388 0,002401924133300781
8000 8,594066333770751 4,200402927398682 0,002600431442260742
8200 8,90239748954773 4,530851745605469 0,0026000499725341796
8400 9,53141474723816 4,756799983978271 0,002798032760620117
8600 10,06420021057129 5,10600004196167 0,002599954605102539
8800 10,454454898834229 5,087596797943116 0,0024000167846679687
9000 10,785650205612182 5,939802408218384 0,002600288391113281
9200 11,37411937713623 5,617396879196167 0,002599811553955078
9400 11,965070819854736 5,863199901580811 0,0029997825622558594
9600 12,381908655166626 6,359687566757202 0,003000497817993164
9800 12,734597158432006 6,322650146484375 0,0029975414276123048
10000 13,697302770614623 6,651597166061402 0,002799701690673828
10200 14,322894763946532 7,21349081993103 0,0034021854400634764
10400 14,921989345550537 7,37581615447998 0,003199863433837891
10600 15,286800527572632 7,671196937561035 0,0033997535705566407
10800 15,931553649902344 7,895702505111695 0,0031993865966796877
11000 16,024402046203612 8,362972164154053 0,0032000064849853514
11200 16,92599802017212 8,452339553833008 0,0036006450653076174
11400 17,308569192886353 8,59486427307129 0,0034006595611572265
11600 18,22272424697876 9,118267393112182 0,0033998489379882812
11800 18,684854602813722 9,371461439132691 0,003599691390991211
12000 19,546395111083985 9,710812425613403 0,0037999629974365236
12200 20,208270931243895 10,251575756072999 0,003602123260498047
12400 20,836671447753908 10,4949285030365 0,0039978504180908205
12600 21,599093866348266 10,719164085388183 0,0036002635955810548
12800 22,2268394947052 11,325370121002198 0,003799772262573242
13000 22,884197759628297 11,31835584640503 0,004199504852294922
13200 23,73705883026123 11,589656972885132 0,004199981689453125
13400 24,10619010925293 12,13380012512207 0,004200077056884766
13600 24,95821976661682 12,243500137329102 0,0044002532958984375
13800 25,76418843269348 12,783509063720704 0,003999900817871094
14000 26,499558687210083 13,337485456466675 0,0044022083282470705
14200 27,212390089035033 13,4970787525177 0,004397964477539063
14400 28,079683113098145 14,385478687286376 0,004399919509887695
14600 29,427930641174317 14,57808837890625 0,004400205612182617
14800 29,855768156051635 14,968199729919434 0,004400014877319336
15000 30,845530652999877 15,17328691482544 0,004600000381469726
