0 0,0 0,0 0,0
200 0,008640527725219727 0,00619974136352539 0,004799985885620117
400 0,03599801063537598 0,02599935531616211 0,01960000991821289
600 0,08359990119934083 0,06400127410888672 0,04540152549743652
800 0,15820016860961914 0,11559724807739258 0,08440074920654297
1000 0,25119953155517577 0,1809995651245117 0,12579989433288574
1200 0,35300278663635254 0,25919737815856936 0,18900017738342284
1400 0,5012022972106933 0,3546000480651855 0,25859999656677246
1600 0,6509999752044677 0,47040224075317383 0,32739744186401365
1800 0,8226003170013427 0,6308990955352783 0,45296196937561034
2000 1,0816283226013184 0,7667324542999268 0,5336030483245849
2200 1,2612848281860352 0,9309937477111816 0,6414897441864014
2400 1,4719951629638672 1,0725461006164552 0,7385859012603759
2600 1,6988110542297363 1,2571861743927002 0,8713828563690186
2800 1,9871789932250976 1,4617114067077637 1,0063107490539551
3000 2,276789331436157 1,6895437240600586 1,1543535709381103
3200 2,593464231491089 1,9800003051757813 1,3647246360778809
3400 2,986800527572632 2,23400239944458 1,5159972190856934
3600 3,3028635501861574 2,4352025985717773 1,6758894443511962
3800 3,679923391342163 2,751614713668823 1,8661237239837647
4000 4,1260922908782955 3,027971601486206 2,0705973148345946
4200 4,513320398330689 3,335156774520874 2,272149181365967
4400 5,082454633712769 3,757555627822876 2,6194349765777587
4600 5,508810567855835 4,183511400222779 2,7881993293762206
4800 6,028692579269409 4,514085721969605 3,0944992542266845
5000 6,5185259819030765 4,870871686935425 3,2967195987701414
5200 7,160175085067749 5,316892766952515 3,5932946681976317
5400 7,637043571472168 5,67488923072815 3,9107059955596926
5600 8,145285701751709 6,05425124168396 4,101221036911011
5800 8,671734046936034 6,461910915374756 4,455715036392212
6000 9,429025316238404 6,99000039100647 4,832638931274414
6200 10,061390352249145 7,44149341583252 5,086044692993164
6400 10,649005365371703 7,938290214538574 5,470068836212159
6600 11,289273977279663 8,443749713897706 5,716903972625732
6800 12,216239976882935 8,950481033325195 6,147052335739136
7000 12,737911796569824 9,752811717987061 6,544315576553345
7200 13,446585702896119 10,046033477783203 6,811416912078857
7400 14,28716402053833 10,536441707611084 7,172863388061524
7600 15,088069295883178 11,033124780654907 7,585675668716431
7800 15,986994123458862 11,7760516166687 8,076809310913086
8000 16,695845556259155 12,427919864654541 8,443528175354004
8200 17,618562364578246 12,943295097351074 8,969226551055907
8400 18,660261344909667 13,768940925598145 9,299458456039428
8600 19,27353963851929 14,259235048294068 9,792240858078003
8800 20,432211208343507 15,242971658706665 10,279540920257569
9000 21,473676013946534 15,743711900711059 10,698958158493042
9200 22,24922204017639 16,482130527496338 11,27041735649109
9400 23,080027961730956 17,258129692077638 11,60362663269043
9600 24,63879528045654 18,08399338722229 12,10790457725525
9800 24,90427746772766 18,68267116546631 12,499977159500123
10000 25,92850441932678 19,306470966339113 13,080762910842896
