0 0,0 0,0 0,0
200 0,007199907302856445 0,004799985885620117 0,0029999256134033204
400 0,028399848937988283 0,018599987030029297 0,010400056838989258
600 0,06840057373046875 0,04379978179931641 0,023400068283081055
800 0,1220003604888916 0,08099985122680664 0,042600154876708984
1000 0,19839959144592284 0,1284001350402832 0,06859960556030273
1200 0,290600061416626 0,19479961395263673 0,09780311584472656
1400 0,3943976402282715 0,2704000473022461 0,1343996047973633
1600 0,5698008060455322 0,34459986686706545 0,16939983367919922
1800 0,6542007446289062 0,4395993709564209 0,244797420501709
2000 0,8036002159118653 0,5149998664855957 0,2596001625061035
2200 0,9472624301910401 0,6271998405456543 0,32200016975402834
2400 1,1368001461029054 0,7525999069213867 0,3789987564086914
2600 1,323200273513794 0,8684003829956055 0,4458498477935791
2800 1,6227973461151124 1,1752027988433837 0,5610002040863037
3000 1,9427336692810058 1,303246021270752 0,6142006874084472
3200 2,1242027759552 1,432196855545044 0,6681986331939698
3400 2,3469996452331543 1,5462003231048584 0,769802188873291
3600 2,6025976181030273 1,7192026138305665 0,8528000354766846
3800 2,861657476425171 1,9213977813720704 0,9550026893615723
4000 3,1370378971099853 2,0749974250793457 1,0394081115722655
4200 3,427884912490845 2,29280047416687 1,1476045608520509
4400 3,7780006408691404 2,512196493148804 1,2586003303527833
4600 4,120799350738525 2,745400333404541 1,3596538066864015
4800 4,477399682998657 2,992881345748901 1,4853992462158203
5000 4,858057880401612 3,2581968784332274 1,6033999919891357
5200 5,343203210830689 3,629388761520386 1,816999864578247
5400 5,729653596878052 3,831997776031494 1,8936593532562256
5600 6,175856351852417 4,141597318649292 2,0430015087127686
5800 6,583597087860108 4,3722024917602536 2,223597288131714
6000 7,139549589157104 4,685402345657349 2,3378901958465574
6200 7,513199424743652 5,009000062942505 2,4962180137634276
6400 8,039892101287842 5,349248838424683 2,6648669719696043
6600 8,5735999584198 5,686399841308594 2,824599838256836
6800 9,061649990081786 6,042472410202026 2,9978546619415285
7000 9,612199831008912 6,437399673461914 3,1818492889404295
7200 10,214905071258546 6,802906656265259 3,410062313079834
7400 10,916601848602294 7,20726957321167 3,5605998039245605
7600 11,391172695159913 7,564597082138062 3,735199546813965
7800 12,008358669281005 7,936661624908448 3,967201042175293
8000 12,545799970626831 8,41886396408081 4,141044330596924
8200 13,206651496887208 8,840797424316406 4,407265663146973
8400 13,998514032363891 9,511867189407349 4,615599346160889
8600 14,54189624786377 9,778200149536133 4,847202301025391
8800 15,214947938919067 10,193671941757202 5,03762583732605
9000 15,953381299972534 10,63705563545227 5,261200284957885
9200 16,84324836730957 11,139554023742676 6,087645101547241
9400 19,009215593338013 11,995897245407104 5,935999870300293
9600 18,423057651519777 12,269197845458985 6,107999992370606
9800 20,51848487854004 13,214727544784546 6,453353309631348
10000 20,535314750671386 13,781893396377564 6,7892012119293215
